Game 2|14 Dec 2025, 00:15|19|PvP|Finished
19 1 -1 -1 1 828.205 1173.43
1 0 0 0 0 0 0 0 0 0 0 0 0 0 0 0 0 0 0 
0 0 0 0 0 0 0 0 0 0 2 1 2 1 0 0 0 0 0 
0 2 0 0 2 0 2 2 0 1 1 2 0 2 2 0 0 0 0 
2 0 2 0 1 2 0 2 2 0 1 2 2 1 0 2 0 0 0 
2 2 1 0 1 2 0 0 0 2 0 2 1 1 0 0 2 2 0 
0 2 1 1 2 2 0 0 0 2 0 2 1 1 2 0 1 1 0 
2 1 1 0 2 0 0 2 0 0 2 1 1 1 2 1 1 0 0 
0 2 2 2 0 2 0 2 2 2 2 1 1 1 2 2 1 0 0 
0 0 1 0 2 2 2 2 0 2 0 1 0 1 2 0 2 2 0 
0 1 0 1 2 0 2 0 2 0 2 2 2 2 0 2 1 0 0 
0 1 2 2 2 2 0 2 1 0 0 0 1 0 1 2 1 0 0 
0 2 0 1 2 1 2 1 0 2 2 0 1 1 2 0 2 0 0 
0 0 0 1 2 1 1 0 1 0 1 2 0 2 0 2 0 0 0 
0 0 0 2 0 2 0 0 0 1 0 0 0 2 2 1 1 0 0 
0 0 0 1 2 2 1 1 1 1 0 1 1 2 1 0 2 0 0 
0 0 2 0 1 0 2 2 0 0 1 2 2 0 2 2 0 1 0 
0 0 0 0 2 0 2 1 2 2 2 2 0 2 1 0 2 2 2 
0 0 0 0 0 0 0 1 0 1 1 2 0 2 2 2 1 1 1 
0 0 0 0 0 0 0 0 1 0 2 0 1 2 0 2 1 1 0 
