Game 6|13 Dec 2025, 02:16|19|PvP|Ongoing
19 1 -1 -1 0 2668.92 2664.34
0 0 0 0 0 0 0 0 0 0 0 2 2 2 1 1 1 1 1 
0 0 0 0 0 0 0 0 0 0 0 0 2 2 1 2 2 0 2 
0 0 0 0 0 0 0 0 0 0 0 0 0 2 1 2 2 2 0 
0 0 0 0 0 0 0 0 0 2 0 0 0 2 1 1 1 1 1 
0 0 0 1 0 0 0 0 0 0 0 0 0 2 1 2 2 2 2 
0 0 0 0 0 0 0 0 0 0 0 0 0 0 0 1 1 0 1 
0 0 0 0 0 0 0 0 0 1 0 0 0 0 0 0 0 1 0 
0 0 0 0 0 0 0 0 0 0 0 0 0 0 0 0 0 0 0 
0 0 0 0 0 0 2 0 0 0 0 0 0 0 0 0 0 0 0 
0 0 0 0 0 0 0 0 0 0 1 0 0 0 0 0 0 0 0 
0 0 0 0 0 0 0 0 0 0 0 0 0 0 0 0 0 0 0 
0 0 0 0 0 0 0 0 0 0 0 0 0 0 0 0 0 0 0 
0 0 0 0 0 0 0 0 0 0 0 0 0 0 0 0 0 0 0 
0 0 0 0 0 0 0 0 0 0 0 0 0 0 0 0 0 0 0 
0 0 0 0 0 0 0 0 0 0 0 0 0 0 0 0 0 0 0 
0 0 0 0 0 0 0 0 0 0 0 0 0 0 0 0 0 0 0 
0 0 0 0 0 0 0 0 0 0 0 0 0 0 0 0 0 0 0 
0 0 0 0 0 0 0 0 0 0 0 0 0 0 0 0 0 0 0 
0 0 0 0 0 0 0 0 0 0 0 0 0 0 0 0 0 0 0 
